================================================================================
Initial:
   2    1   -1  |    8  |    1    0    0 
  -3   -1    2  |  -11  |    0    1    0 
  -2    1    2  |   -3  |    0    0    1 

--------------------------------------------------
Converting matrix to the triangular one:

Step #1:
   1  0.5 -0.5  |    4  |  0.5    0    0 
   0  0.5  0.5  |    1  |  1.5    1    0 
   0    2    1  |    5  |    1    0    1 

Step #2:
   1  0.5 -0.5  |    4  |  0.5    0    0 
   0    1    1  |    2  |    3    2    0 
   0    0   -1  |    1  |    1   -4    1 

Step #3:
   1  0.5 -0.5  |    4  |  0.5    0    0 
   0    1    1  |    2  |    3    2    0 
  -0   -0    1  |   -1  |   -1    4   -1 

--------------------------------------------------
Determinant is -1

--------------------------------------------------
Solution of SOLE:

Step #1
x = ( nan nan -1  ) 

Step #2
x = ( nan 3 -1  ) 

Step #3
x = ( 2 3 -1  ) 

Residual vector:
   2    1   -1       2       8       0 
  -3   -1    2  *    3  -  -11  =    0 
  -2    1    2      -1      -3       0 

--------------------------------------------------
Converting matrix to the diagonal one:

Step #1:
   1  0.5    0  |  0.5    0 -0.5 
   0    1    0  |    3    2    1 
  -0   -0    1  |   -1    4   -1 

Step #2:
   1    0    0  |  0.5   -1 -0.5 
   0    1    0  |    3    2    1 
  -0   -0    1  |   -1    4   -1 

Checking that we've got the invertible matrix:
   2    1   -1     0.5   -1 -0.5       5   -4    1 
  -3   -1    2  *    3    2    1  = -6.5    9 -1.5 
  -2    1    2      -1    4   -1       0   12    0 

Residual matrix:
   2    1   -1     0.5   -1 -0.5       1    0    0       4   -4    1 
  -3   -1    2  *    3    2    1  -    0    1    0  = -6.5    8 -1.5 
  -2    1    2      -1    4   -1       0    0    1       0   12   -1 


================================================================================
Initial:
   1    0    0  |    2  |    1    0    0 
   0    0    1  |    6  |    0    1    0 
   0    1    0  |  -18  |    0    0    1 

--------------------------------------------------
Converting matrix to the triangular one:

Step #1:
   1    0    0  |    2  |    1    0    0 
   0    0    1  |    6  |    0    1    0 
   0    1    0  |  -18  |    0    0    1 

Step #2:
   1    0    0  |    2  |    1    0    0 
   0    1    0  |  -18  |    0    0    1 
   0    0    1  |    6  |    0    1    0 

Step #3:
   1    0    0  |    2  |    1    0    0 
   0    1    0  |  -18  |    0    0    1 
   0    0    1  |    6  |    0    1    0 

--------------------------------------------------
Determinant is 1

--------------------------------------------------
Solution of SOLE:

Step #1
x = ( nan nan 6  ) 

Step #2
x = ( nan -18 6  ) 

Step #3
x = ( 2 -18 6  ) 

Residual vector:
   1    0    0       2       2       0 
   0    0    1  *  -18  -    6  =    0 
   0    1    0       6     -18       0 

--------------------------------------------------
Converting matrix to the diagonal one:

Step #1:
   1    0    0  |    1    0    0 
   0    1    0  |    0    0    1 
   0    0    1  |    0    1    0 

Step #2:
   1    0    0  |    1    0    0 
   0    1    0  |    0    0    1 
   0    0    1  |    0    1    0 

Checking that we've got the invertible matrix:
   1    0    0       1    0    0       1    0    0 
   0    0    1  *    0    0    1  =    0    1    0 
   0    1    0       0    1    0       0    0    1 

Residual matrix:
   1    0    0       1    0    0       1    0    0       0    0    0 
   0    0    1  *    0    0    1  -    0    1    0  =    0    0    0 
   0    1    0       0    1    0       0    0    1       0    0    0 


================================================================================
Initial:
   2    3   -7  |   16  |    1    0    0 
   1    1   -2  |    6  |    0    1    0 
   5    2    1  |   16  |    0    0    1 

--------------------------------------------------
Converting matrix to the triangular one:

Step #1:
   1  1.5 -3.5  |    8  |  0.5    0    0 
   0 -0.5  1.5  |   -2  | -0.5    1    0 
   0 -5.5 18.5  |  -24  | -2.5    0    1 

Step #2:
   1  1.5 -3.5  |    8  |  0.5    0    0 
  -0    1   -3  |    4  |    1   -2   -0 
   0    0    2  |   -2  | -2.5  -11    1 

Step #3:
   1  1.5 -3.5  |    8  |  0.5    0    0 
  -0    1   -3  |    4  |    1   -2   -0 
   0    0    1  |   -1  | -1.25 -5.5  0.5 

--------------------------------------------------
Determinant is -2

--------------------------------------------------
Solution of SOLE:

Step #1
x = ( nan nan -1  ) 

Step #2
x = ( nan 1 -1  ) 

Step #3
x = ( 3 1 -1  ) 

Residual vector:
   2    3   -7       3      16       0 
   1    1   -2  *    1  -    6  =    0 
   5    2    1      -1      16       0 

--------------------------------------------------
Converting matrix to the diagonal one:

Step #1:
   1  1.5    0  |  0.5    0 1.75 
  -0    1    0  |    1   -2  1.5 
   0    0    1  | -1.25 -5.5  0.5 

Step #2:
   1    0    0  |  0.5    3 1.75 
  -0    1    0  |    1   -2  1.5 
   0    0    1  | -1.25 -5.5  0.5 

Checking that we've got the invertible matrix:
   2    3   -7     0.5    3 1.75    12.75 38.5  4.5 
   1    1   -2  *    1   -2  1.5  =    4   12 2.25 
   5    2    1    -1.25 -5.5  0.5    3.25  5.5 12.25 

Residual matrix:
   2    3   -7     0.5    3 1.75       1    0    0    11.75 38.5  4.5 
   1    1   -2  *    1   -2  1.5  -    0    1    0  =    4   11 2.25 
   5    2    1    -1.25 -5.5  0.5       0    0    1    3.25  5.5 11.25 


================================================================================
Initial:
   1    1    1  |    0  |    1    0    0 
   4    2    1  |    1  |    0    1    0 
   9    3    1  |    3  |    0    0    1 

--------------------------------------------------
Converting matrix to the triangular one:

Step #1:
   1    1    1  |    0  |    1    0    0 
   0   -2   -3  |    1  |   -4    1    0 
   0   -6   -8  |    3  |   -9    0    1 

Step #2:
   1    1    1  |    0  |    1    0    0 
  -0    1  1.5  | -0.5  |    2 -0.5   -0 
   0    0    1  |    0  |   -9   -3    1 

Step #3:
   1    1    1  |    0  |    1    0    0 
  -0    1  1.5  | -0.5  |    2 -0.5   -0 
   0    0    1  |    0  |   -9   -3    1 

--------------------------------------------------
Determinant is -2

--------------------------------------------------
Solution of SOLE:

Step #1
x = ( nan nan 0  ) 

Step #2
x = ( nan -0.5 0  ) 

Step #3
x = ( 0.5 -0.5 0  ) 

Residual vector:
   1    1    1     0.5       0       0 
   4    2    1  * -0.5  -    1  =    0 
   9    3    1       0       3       0 

--------------------------------------------------
Converting matrix to the diagonal one:

Step #1:
   1    1    0  |    1    0   -1 
  -0    1    0  |    2 -0.5 -1.5 
   0    0    1  |   -9   -3    1 

Step #2:
   1    0    0  |    1  0.5   -1 
  -0    1    0  |    2 -0.5 -1.5 
   0    0    1  |   -9   -3    1 

Checking that we've got the invertible matrix:
   1    1    1       1  0.5   -1      -6   -3 -1.5 
   4    2    1  *    2 -0.5 -1.5  =   -1   -2   -6 
   9    3    1      -9   -3    1       6    0 -12.5 

Residual matrix:
   1    1    1       1  0.5   -1       1    0    0      -7   -3 -1.5 
   4    2    1  *    2 -0.5 -1.5  -    0    1    0  =   -1   -3   -6 
   9    3    1      -9   -3    1       0    0    1       6    0 -13.5 


