clay

1
80 40 80 50 2 000:03:40 7

2
135 65 135 85 1 000:09:10 13

3
225 110 225 140 1 000:18:00 21

4
375 185 375 235 1 000:32:10 31

5
620 310 620 390 1 000:54:50 46

6
1040 520 1040 650 2 001:31:10 70

7
1735 870 1735 1085 2 002:29:10 98

8
2900 1450 2900 1810 2 004:02:00 140

9
4840 2420 4840 3025 2 006:30:30 203

10
8080 4040 8080 5050 2 010:28:10 280

11
13500 6750 13500 8435 2 010:28:10 392

12
22540 11270 22540 14090 2 016:48:30 525

13
37645 18820 37645 23525 2 026:56:50 693

14
62865 31430 62865 39290 2 043:10:20 889

15
104985 52490 104985 65615 2 069:07:50 1120

16
175320 87660 175320 109575 3 110:39:50 1400

17
292790 146395 292790 182995 3 177:07:00 1820

18
488955 244480 488955 305600 3 283:26:30 2240

19
816555 408280 816555 510350 3 453:33:40 2800

20
1363650 681825 1363650 852280 3 725:45:10 3430
