0
4
i
-1.5 -0.75 0 0.75 1.5
-14.1014 -0.931596 0 0.931596 14.1014
5
-1.4 -0.5 -0.2 0.2 0.5 1.4
y
tg(x)

1
4
i
-1.5 -0.75 0 0.75 1.5
-14.1014 -0.931596 0 0.931596 14.1014
5
-1.4 -0.5 -0.2 0.2 0.5 1.4
y
tg(x)

2
4
i
-1.5 -0.75 0 0.75 1.5
-14.1014 -0.931596 0 0.931596 14.1014
5
-1.4 -0.5 -0.2 0.2 0.5 1.4
y
tg(x)

0
4
i
-1.5 -0.75 0 0.75 1.5
-14.1014 -0.931596 0 0.931596 14.1014
5
-1.4 -0.5 -0.2 0.2 0.5 1.4
y
4.834848 * x ^ 3 - 1.477474 * x

1
4
i
-1.5 -0.75 0 0.75 1.5
-14.1014 -0.931596 0 0.931596 14.1014
5
-1.4 -0.5 -0.2 0.2 0.5 1.4
y
4.834848 * x ^ 3 - 1.477474 * x

2
4
i
-1.5 -0.75 0 0.75 1.5
-14.1014 -0.931596 0 0.931596 14.1014
5
-1.4 -0.5 -0.2 0.2 0.5 1.4
y
4.834848 * x ^ 3 - 1.477474 * x

0
10
r
0 10
0 0.841 0.909 0.141 -0.757 -0.959 -0.279 0.657 0.989 0.412 -0.544
4
2.5 3.5 4.5 5.5 6.5
y
sin(x)

1
10
r
0 10
1.0 0.540 -0.416 -0.990 -0.654 0.284 0.960 0.754 -0.146 -0.911 -0.839
4
2.5 3.5 4.5 5.5 6.5
y
cos(x)

2
10
r
0 10
0 -0.841 -0.909 -0.141 0.757 0.959 0.279 -0.657 -0.989 -0.412 0.544
4
2.5 3.5 4.5 5.5 6.5
y
-sin(x)
