Matrix 0 (4x4)
0.25 0.125 0 0 
0.125 1.25 0.5 0 
0 0.5 2.66667 0.833333 
0 0 0.833333 1.66667 

Det: 1.00911

-0.333333 -0.333333 -0.133333 -0.0333 

-1.26796 -0.130749 -0.0228039 -0.00857806 

Matrix 0 (2x2)
1.25 0.5 
0.5 2.66667 

Det: 3.08333

-0.0833333 -0.125617 

-2 -0.0517018 -0.0374122 -0.00926 

Matrix 0 (4x4)
0.333333 0.166667 0 0 
0.166667 1.33333 0.5 0 
0 0.5 1.66667 0.333333 
0 0 0.333333 0.666667 

Det: 0.361111

1 4 5 2 

2 2 2 2 

Matrix 0 (4x4)
0.333333 0.166667 0 0 
0.166667 1.33333 0.5 0 
0 0.5 1.66667 0.333333 
0 0 0.333333 0.666667 

Det: 0.361111

-8 -16 10 14 

-18 -12 6 18 

